<?xml version="1.0" ?>
<opencv_storage>
  <Channel>3</Channel>
  <Row>32</Row>
  <Col>32</Col>
  <MeanImg type_id="opencv-matrix">
    <rows>1</rows>
    <cols>3072</cols>
    <dt>f</dt>
    <data>1.307107e+02 1.301404e+02 1.310504e+02 1.315689e+02 1.321847e+02 1.328518e+02 1.333715e+02 1.338909e+02 1.344850e+02 1.349326e+02 1.352340e+02 1.354037e+02 1.356202e+02 1.356342e+02 1.356340e+02 1.356114e+02 1.355305e+02 1.355036e+02 1.354910e+02 1.353835e+02 1.351096e+02 1.349583e+02 1.348102e+02 1.345266e+02 1.340462e+02 1.336069e+02 1.330759e+02 1.323248e+02 1.315888e+02 1.310590e+02 1.303931e+02 1.301740e+02 1.300993e+02 1.293446e+02 1.302169e+02 1.305724e+02 1.311542e+02 1.318223e+02 1.323601e+02 1.328404e+02 1.333923e+02 1.338755e+02 1.342645e+02 1.344153e+02 1.346387e+02 1.346630e+02 1.346406e+02 1.344573e+02 1.344066e+02 1.344873e+02 1.344674e+02 1.343966e+02 1.341545e+02 1.340784e+02 1.338882e+02 1.335548e+02 1.329674e+02 1.325395e+02 1.319404e+02 1.311943e+02 1.305414e+02 1.300425e+02 1.293304e+02 1.291568e+02 1.297247e+02 1.287166e+02 1.294735e+02 1.298528e+02 1.303616e+02 1.309606e+02 1.314814e+02 1.320018e+02 1.326517e+02 1.331326e+02 1.335498e+02 1.337754e+02 1.338543e+02 1.338790e+02 1.337910e+02 1.336203e+02 1.336666e+02 1.337468e+02 1.336819e+02 1.334993e+02 1.332570e+02 1.331550e+02 1.330029e+02 1.326220e+02 1.320397e+02 1.315621e+02 1.310204e+02 1.304232e+02 1.298321e+02 1.292107e+02 1.285909e+02 1.285913e+02 1.294619e+02 1.283724e+02 1.290529e+02 1.295061e+02 1.298726e+02 1.303155e+02 1.308157e+02 1.314490e+02 1.321633e+02 1.326662e+02 1.330096e+02 1.332093e+02 1.331461e+02 1.332254e+02 1.332283e+02 1.330321e+02 1.330508e+02 1.331059e+02 1.329877e+02 1.328254e+02 1.325307e+02 1.323180e+02 1.322359e+02 1.318846e+02 1.313713e+02 1.309019e+02 1.303678e+02 1.299241e+02 1.294523e+02 1.288304e+02 1.282162e+02 1.283197e+02 1.292014e+02 1.280593e+02 1.286281e+02 1.290524e+02 1.292753e+02 1.297254e+02 1.302308e+02 1.307855e+02 1.314169e+02 1.318225e+02 1.322745e+02 1.325331e+02 1.324242e+02 1.324525e+02 1.324881e+02 1.322872e+02 1.322409e+02 1.323171e+02 1.323153e+02 1.320881e+02 1.316672e+02 1.313998e+02 1.312534e+02 1.309785e+02 1.306182e+02 1.302548e+02 1.297783e+02 1.293399e+02 1.289286e+02 1.284043e+02 1.279097e+02 1.280466e+02 1.289061e+02 1.277297e+02 1.281182e+02 1.284387e+02 1.286165e+02 1.290352e+02 1.294755e+02 1.298776e+02 1.304613e+02 1.309293e+02 1.314128e+02 1.317071e+02 1.315502e+02 1.315831e+02 1.316233e+02 1.314416e+02 1.313679e+02 1.315159e+02 1.315959e+02 1.313867e+02 1.310738e+02 1.307906e+02 1.305732e+02 1.302177e+02 1.299505e+02 1.297501e+02 1.292972e+02 1.288076e+02 1.284239e+02 1.279560e+02 1.275288e+02 1.277188e+02 1.284864e+02 1.272023e+02 1.275193e+02 1.277071e+02 1.279532e+02 1.282715e+02 1.286865e+02 1.290467e+02 1.296004e+02 1.301503e+02 1.306005e+02 1.308027e+02 1.306437e+02 1.306547e+02 1.307336e+02 1.306308e+02 1.305189e+02 1.306493e+02 1.307322e+02 1.305762e+02 1.303930e+02 1.301014e+02 1.297770e+02 1.294748e+02 1.292260e+02 1.290692e+02 1.287139e+02 1.282247e+02 1.278525e+02 1.274178e+02 1.270325e+02 1.273172e+02 1.279951e+02 1.265980e+02 1.268659e+02 1.269925e+02 1.271542e+02 1.275778e+02 1.279655e+02 1.281595e+02 1.286464e+02 1.292646e+02 1.296833e+02 1.297618e+02 1.296200e+02 1.297383e+02 1.298481e+02 1.297568e+02 1.297989e+02 1.299878e+02 1.300171e+02 1.297959e+02 1.295570e+02 1.293983e+02 1.290990e+02 1.288980e+02 1.285315e+02 1.282989e+02 1.280850e+02 1.276612e+02 1.272893e+02 1.268291e+02 1.265338e+02 1.268835e+02 1.274549e+02 1.259610e+02 1.262252e+02 1.262910e+02 1.264581e+02 1.268843e+02 1.272439e+02 1.273087e+02 1.277113e+02 1.283276e+02 1.287044e+02 1.288734e+02 1.289324e+02 1.291068e+02 1.292529e+02 1.293737e+02 1.295096e+02 1.296020e+02 1.295988e+02 1.294244e+02 1.290167e+02 1.287837e+02 1.286435e+02 1.284903e+02 1.281793e+02 1.278936e+02 1.275872e+02 1.272384e+02 1.267697e+02 1.262750e+02 1.259728e+02 1.264166e+02 1.272284e+02 1.256875e+02 1.258130e+02 1.258534e+02 1.260680e+02 1.264120e+02 1.268012e+02 1.268588e+02 1.272196e+02 1.277562e+02 1.281443e+02 1.284608e+02 1.287482e+02 1.289458e+02 1.290800e+02 1.291952e+02 1.293607e+02 1.293598e+02 1.294574e+02 1.293664e+02 1.289068e+02 1.285037e+02 1.281774e+02 1.280142e+02 1.278222e+02 1.276372e+02 1.272777e+02 1.269227e+02 1.263850e+02 1.258647e+02 1.255620e+02 1.261218e+02 1.269714e+02 1.254094e+02 1.254941e+02 1.255651e+02 1.257732e+02 1.262104e+02 1.265671e+02 1.267919e+02 1.270636e+02 1.273533e+02 1.279395e+02 1.283304e+02 1.285171e+02 1.288196e+02 1.290398e+02 1.292090e+02 1.292378e+02 1.292914e+02 1.294120e+02 1.292725e+02 1.288806e+02 1.284038e+02 1.279341e+02 1.277111e+02 1.274430e+02 1.272209e+02 1.269408e+02 1.264681e+02 1.259212e+02 1.254126e+02 1.251433e+02 1.257896e+02 1.266777e+02 1.249761e+02 1.250584e+02 1.251556e+02 1.254918e+02 1.261148e+02 1.264774e+02 1.266331e+02 1.267897e+02 1.270988e+02 1.277788e+02 1.282484e+02 1.285933e+02 1.289819e+02 1.292137e+02 1.294717e+02 1.294726e+02 1.294636e+02 1.294916e+02 1.291839e+02 1.287258e+02 1.282632e+02 1.279403e+02 1.275822e+02 1.272339e+02 1.268935e+02 1.265718e+02 1.260424e+02 1.254111e+02 1.249498e+02 1.247742e+02 1.254704e+02 1.263556e+02 1.246030e+02 1.245930e+02 1.246506e+02 1.250683e+02 1.258527e+02 1.263618e+02 1.265733e+02 1.267097e+02 1.271875e+02 1.279491e+02 1.285951e+02 1.289858e+02 1.293260e+02 1.295716e+02 1.297903e+02 1.298821e+02 1.298224e+02 1.297505e+02 1.294256e+02 1.287951e+02 1.283619e+02 1.280621e+02 1.276784e+02 1.273014e+02 1.267926e+02 1.263322e+02 1.257571e+02 1.250174e+02 1.245346e+02 1.245150e+02 1.252156e+02 1.258943e+02 1.240772e+02 1.241300e+02 1.243555e+02 1.248612e+02 1.256850e+02 1.262055e+02 1.265282e+02 1.268992e+02 1.275766e+02 1.283800e+02 1.291246e+02 1.294774e+02 1.296956e+02 1.299485e+02 1.300785e+02 1.301140e+02 1.301359e+02 1.300455e+02 1.297190e+02 1.292836e+02 1.287860e+02 1.282387e+02 1.278163e+02 1.272199e+02 1.265997e+02 1.260900e+02 1.252802e+02 1.245173e+02 1.240526e+02 1.241222e+02 1.249167e+02 1.256320e+02 1.236055e+02 1.237187e+02 1.241340e+02 1.248045e+02 1.254875e+02 1.259787e+02 1.264980e+02 1.271803e+02 1.277980e+02 1.284302e+02 1.290401e+02 1.295508e+02 1.298115e+02 1.299370e+02 1.299364e+02 1.299630e+02 1.300382e+02 1.300470e+02 1.298609e+02 1.294659e+02 1.287656e+02 1.280121e+02 1.273467e+02 1.267274e+02 1.260769e+02 1.254109e+02 1.246017e+02 1.239463e+02 1.235893e+02 1.236594e+02 1.246508e+02 1.256342e+02 1.235056e+02 1.234758e+02 1.237596e+02 1.243363e+02 1.249477e+02 1.256070e+02 1.263509e+02 1.268184e+02 1.273308e+02 1.278348e+02 1.283922e+02 1.289939e+02 1.292122e+02 1.293363e+02 1.291733e+02 1.292184e+02 1.293444e+02 1.294259e+02 1.293062e+02 1.287739e+02 1.280135e+02 1.274004e+02 1.266630e+02 1.259778e+02 1.253350e+02 1.246544e+02 1.238742e+02 1.233814e+02 1.230502e+02 1.231106e+02 1.243231e+02 1.255180e+02 1.232804e+02 1.230481e+02 1.231268e+02 1.234939e+02 1.240754e+02 1.248229e+02 1.255241e+02 1.258113e+02 1.264000e+02 1.269990e+02 1.274925e+02 1.280686e+02 1.283289e+02 1.282647e+02 1.279880e+02 1.279431e+02 1.279620e+02 1.279541e+02 1.277884e+02 1.273846e+02 1.267385e+02 1.261947e+02 1.255627e+02 1.248040e+02 1.242279e+02 1.235252e+02 1.228358e+02 1.225285e+02 1.223879e+02 1.226939e+02 1.241300e+02 1.253101e+02 1.228347e+02 1.223255e+02 1.221206e+02 1.224061e+02 1.229078e+02 1.237155e+02 1.243966e+02 1.246981e+02 1.251777e+02 1.256833e+02 1.260987e+02 1.265935e+02 1.269652e+02 1.267244e+02 1.264599e+02 1.262147e+02 1.260274e+02 1.259731e+02 1.258711e+02 1.256172e+02 1.252082e+02 1.247345e+02 1.242043e+02 1.234696e+02 1.228496e+02 1.222441e+02 1.217060e+02 1.215495e+02 1.216344e+02 1.221718e+02 1.237600e+02 1.251874e+02 1.224050e+02 1.215135e+02 1.210881e+02 1.212132e+02 1.216535e+02 1.223961e+02 1.230778e+02 1.235069e+02 1.238620e+02 1.241832e+02 1.245870e+02 1.248446e+02 1.251758e+02 1.249581e+02 1.247167e+02 1.244649e+02 1.242342e+02 1.241444e+02 1.240577e+02 1.238079e+02 1.235878e+02 1.231361e+02 1.227269e+02 